%% Homework 4

R_saturn  = 60268; 
Gm_saturn = 3.794*10^7; 

r1 = [-720000; 670000; 310000]; 
v1 = [2.160; -3.360; 0.620]; 

